3
0.05
12
23 23
6 21
16 21
3 1
3 16
3 11
9 1
9 6
9 11
13 1
13 6
13 11
19 1
19 6
19 16
  0  0  0  0  0  0  0  0  0  0  0  0  0  0  0  0  0  0  0  0  0  0  0
  0  1 10 10 10 11 10 10 10 10 10  2 51 51 51 51 48 15 15 15 15  3  0
  0 20  0  0  0  0  0  0  0  0  0 13  0  0  0  0 26  0  0  0  0 18  0
  0 20  0  0  0  0  0  0  0  0  0 13  0  0  0  0 26  0  0  0  0 18  0
  0 20  0  0  0  0  0  0  0  0  0 13  0  0  0  0 26  0  0  0  0 18  0
  0 20  0  0  0  0  0  0  0  0  0 13  0  0  0  0 26  0  0  0  0 18  0
  0 46 37 37 37 37 24 36 36 36 36 44 29 29 29 29 22 28 28 28 28 42  0
  0 40  0  0  0  0 35  0  0  0  0  8  0  0  0  0 27  0  0  0  0 54  0
  0 40  0  0  0  0 35  0  0  0  0  8  0  0  0  0 27  0  0  0  0 54  0
  0 40  0  0  0  0 35  0  0  0  0  8  0  0  0  0 27  0  0  0  0 54  0
  0 40  0  0  0  0 35  0  0  0  0  8  0  0  0  0 27  0  0  0  0 54  0
  0  4 19 19 19 19 52 11 11 11 11  5 34 34 34 34 49  0  0  0  0 54  0
  0 21  0  0  0  0 38  0  0  0  0 14  0  0  0  0 30  0  0  0  0 54  0
  0 21  0  0  0  0 38  0  0  0  0 14  0  0  0  0 30  0  0  0  0 54  0
  0 21  0  0  0  0 38  0  0  0  0 14  0  0  0  0 30  0  0  0  0 54  0
  0 21  0  0  0  0 38  0  0  0  0 14  0  0  0  0 30  0  0  0  0 54  0
  0 47 41 41 41 41 25 33 33 33 33 33 33 33 33 33 23 32 32 32 32 43  0
  0 12  0  0  0  0 39  0  0  0  0  0  0  0  0  0 31  0  0  0  0 45  0
  0 12  0  0  0  0 39  0  0  0  0  0  0  0  0  0 31  0  0  0  0 45  0
  0 12  0  0  0  0 39  0  0  0  0  0  0  0  0  0 31  0  0  0  0 45  0
  0 12  0  0  0  0 39  0  0  0  0  0  0  0  0  0 31  0  0  0  0 45  0
  0  7  6  6  6  6 53 16 16 16 16 16 16 16 16 16 50 17 17 17 17  9  0
  0  0  0  0  0  0  0  0  0  0  0  0  0  0  0  0  0  0  0  0  0  0  0
